"Sens Factor =-1dB, EARS Serial 860-4511, compensation HEQ V2"
"Use this file on the LEFT channel. Your sensitive side is LEFT."
*
* HEQ: Default headphone compensation curve for flat EQ target,
*      miniDSP EARS version
*
* For use with headphones. Do not use with IEMs.
*
* Changelog:
* Version 1, 24 Feb 2018 : Initial version
* Version 2, 31 March 2018 : More neutral in bass
*
* Freq(Hz) SPL(dB) Phase(degrees)
*
    10.0     -1.7     -1.1
    10.6     -1.4     -1.1
    11.2     -1.1     -1.2
    11.8     -0.6     -1.3
    12.5     -0.1     -1.3
    13.2      0.4     -1.4
    14.0      0.8     -1.5
    15.0      1.1     -1.6
    16.0      1.4     -1.7
    17.0      1.6     -1.8
    18.0      1.9     -1.9
    19.0      2.0     -2.1
    20.0      2.1     -2.2
    21.2      2.3     -2.3
    22.4      2.4     -2.4
    23.6      2.5     -2.6
    25.0      2.5     -2.7
    26.5      2.6     -2.9
    28.0      2.7     -3.1
    30.0      2.7     -3.4
    31.5      2.8     -3.5
    33.5      2.9     -3.8
    35.5      3.0     -4.1
    37.5      3.1     -4.3
    40.0      3.2     -4.6
    42.5      3.3     -5.0
    45.0      3.3     -5.3
    47.5      3.4     -5.7
    50.0      3.4     -6.0
    53.0      3.4     -6.4
    56.0      3.4     -6.9
    60.0      3.4     -7.5
    63.0      3.4     -7.9
    67.0      3.3     -8.5
    71.0      3.3     -9.0
    75.0      3.2     -9.6
    80.0      3.0    -10.1
    85.0      2.9    -10.7
    90.0      2.8    -11.2
    95.0      2.6    -11.6
   100.0      2.5    -11.9
   106.0      2.3    -12.2
   112.0      2.1    -12.3
   118.0      2.0    -12.3
   125.0      1.9    -12.2
   132.0      1.7    -11.9
   140.0      1.6    -11.6
   150.0      1.5    -10.9
   160.0      1.4    -10.3
   170.0      1.3     -9.6
   180.0      1.2     -8.8
   190.0      1.1     -8.2
   200.0      1.1     -7.5
   212.0      1.0     -6.8
   224.0      0.9     -6.0
   236.0      0.8     -5.4
   250.0      0.8     -4.6
   265.0      0.7     -3.9
   280.0      0.6     -3.2
   300.0      0.6     -2.4
   315.0      0.6     -1.9
   335.0      0.5     -1.2
   355.0      0.5     -0.5
   375.0      0.4      0.0
   400.0      0.4      0.7
   425.0      0.4      1.4
   450.0      0.3      2.0
   475.0      0.3      2.5
   500.0      0.3      3.1
   530.0      0.3      3.7
   560.0      0.2      4.3
   600.0      0.3      5.1
   630.0      0.3      5.6
   670.0      0.3      6.4
   710.0      0.3      7.1
   750.0      0.3      7.7
   800.0      0.3      8.5
   850.0      0.3      9.4
   900.0      0.3     10.2
   950.0      0.3     10.9
  1000.0      0.2     11.7
  1060.0      0.2     12.6
  1120.0      0.2     13.6
  1180.0      0.2     14.5
  1250.0      0.3     15.5
  1320.0      0.3     16.6
  1400.0      0.3     17.8
  1500.0      0.4     19.3
  1600.0      0.5     20.8
  1700.0      0.6     22.4
  1800.0      0.7     23.9
  1900.0      0.9     25.3
  2000.0      1.1     26.8
  2120.0      1.4     28.6
  2240.0      1.7     30.5
  2360.0      2.1     32.2
  2500.0      2.6     34.3
  2650.0      3.1     36.5
  2800.0      3.8     38.8
  3000.0      4.7     41.5
  3150.0      5.5     43.6
  3350.0      6.8     46.0
  3550.0      8.4     47.6
  3750.0     10.3     47.7
  4000.0     13.3     41.8
  4250.0     15.7     23.4
  4500.0     16.5      2.0
  4750.0     16.4    -16.0
  5000.0     15.4    -32.8
  5300.0     13.6    -47.6
  5600.0     11.7    -56.3
  6000.0      9.5    -61.2
  6300.0      8.2    -62.6
  6700.0      6.7    -62.9
  7100.0      5.6    -62.5
  7500.0      4.6    -61.8
  8000.0      3.6    -60.5
  8500.0      2.8    -59.0
  9000.0      2.0    -57.6
  9500.0      1.2    -56.2
 10000.0      0.4    -54.7
 10600.0     -0.4    -52.6
 11200.0     -1.3    -50.2
 11800.0     -2.1    -47.9
 12500.0     -3.1    -44.7
 13200.0     -4.1    -41.1
 14000.0     -5.1    -36.9
 15000.0     -6.4    -31.6
 16000.0     -7.5    -25.6
 17000.0     -8.5    -18.8
 18000.0     -9.4    -12.4
 19000.0    -10.1     -6.4
 20000.0    -10.7     -0.2
