"Sens Factor =-1dB, EARS Serial 860-4511, compensation HEQ V2"
"Use this file on the RIGHT channel. Your sensitive side is LEFT."
*
* HEQ: Default headphone compensation curve for flat EQ target,
*      miniDSP EARS version
*
* For use with headphones. Do not use with IEMs.
*
* Changelog:
* Version 1, 24 Feb 2018 : Initial version
* Version 2, 31 March 2018 : More neutral in bass
*
* Freq(Hz) SPL(dB) Phase(degrees)
*
    10.0     -3.0     -1.1
    10.6     -2.7     -1.1
    11.2     -2.3     -1.2
    11.8     -1.7     -1.3
    12.5     -1.1     -1.3
    13.2     -0.5     -1.4
    14.0      0.0     -1.5
    15.0      0.4     -1.6
    16.0      0.8     -1.7
    17.0      1.0     -1.8
    18.0      1.2     -1.9
    19.0      1.4     -2.1
    20.0      1.6     -2.2
    21.2      1.7     -2.3
    22.4      1.8     -2.4
    23.6      2.0     -2.6
    25.0      2.1     -2.7
    26.5      2.2     -2.9
    28.0      2.3     -3.1
    30.0      2.4     -3.4
    31.5      2.6     -3.5
    33.5      2.7     -3.8
    35.5      2.8     -4.1
    37.5      2.9     -4.3
    40.0      3.0     -4.6
    42.5      3.1     -5.0
    45.0      3.1     -5.3
    47.5      3.2     -5.7
    50.0      3.2     -6.0
    53.0      3.2     -6.4
    56.0      3.3     -6.9
    60.0      3.2     -7.5
    63.0      3.2     -7.9
    67.0      3.1     -8.5
    71.0      3.1     -9.0
    75.0      3.0     -9.6
    80.0      2.9    -10.1
    85.0      2.7    -10.7
    90.0      2.6    -11.2
    95.0      2.4    -11.6
   100.0      2.3    -11.9
   106.0      2.1    -12.2
   112.0      2.0    -12.3
   118.0      1.8    -12.3
   125.0      1.7    -12.2
   132.0      1.6    -11.9
   140.0      1.4    -11.6
   150.0      1.3    -10.9
   160.0      1.2    -10.3
   170.0      1.1     -9.6
   180.0      1.1     -8.8
   190.0      1.0     -8.2
   200.0      1.0     -7.5
   212.0      0.9     -6.8
   224.0      0.8     -6.0
   236.0      0.7     -5.4
   250.0      0.7     -4.6
   265.0      0.6     -3.9
   280.0      0.6     -3.2
   300.0      0.5     -2.4
   315.0      0.5     -1.9
   335.0      0.4     -1.2
   355.0      0.4     -0.5
   375.0      0.4      0.0
   400.0      0.3      0.7
   425.0      0.3      1.4
   450.0      0.2      2.0
   475.0      0.2      2.5
   500.0      0.2      3.1
   530.0      0.1      3.7
   560.0      0.1      4.3
   600.0      0.1      5.1
   630.0      0.1      5.6
   670.0      0.1      6.4
   710.0      0.1      7.1
   750.0      0.1      7.7
   800.0      0.1      8.5
   850.0      0.0      9.4
   900.0      0.0     10.2
   950.0      0.0     10.9
  1000.0      0.0     11.7
  1060.0     -0.1     12.6
  1120.0      0.0     13.6
  1180.0      0.0     14.5
  1250.0      0.0     15.5
  1320.0      0.0     16.6
  1400.0      0.1     17.8
  1500.0      0.1     19.3
  1600.0      0.2     20.8
  1700.0      0.4     22.4
  1800.0      0.5     23.9
  1900.0      0.7     25.3
  2000.0      0.9     26.8
  2120.0      1.2     28.6
  2240.0      1.5     30.5
  2360.0      1.9     32.2
  2500.0      2.4     34.3
  2650.0      2.9     36.5
  2800.0      3.5     38.8
  3000.0      4.4     41.5
  3150.0      5.2     43.6
  3350.0      6.5     46.0
  3550.0      8.1     47.6
  3750.0     10.0     47.7
  4000.0     12.9     41.8
  4250.0     15.4     23.4
  4500.0     16.2      2.0
  4750.0     16.0    -16.0
  5000.0     15.0    -32.8
  5300.0     13.1    -47.6
  5600.0     11.2    -56.3
  6000.0      8.9    -61.2
  6300.0      7.5    -62.6
  6700.0      6.0    -62.9
  7100.0      4.8    -62.5
  7500.0      3.7    -61.8
  8000.0      2.6    -60.5
  8500.0      1.6    -59.0
  9000.0      0.7    -57.6
  9500.0     -0.1    -56.2
 10000.0     -0.9    -54.7
 10600.0     -1.9    -52.6
 11200.0     -2.7    -50.2
 11800.0     -3.6    -47.9
 12500.0     -4.5    -44.7
 13200.0     -5.4    -41.1
 14000.0     -6.3    -36.9
 15000.0     -7.4    -31.6
 16000.0     -8.4    -25.6
 17000.0     -9.2    -18.8
 18000.0    -10.1    -12.4
 19000.0    -10.7     -6.4
 20000.0    -11.3     -0.2
